1529610	
1529613	
1529607	
1529605	
1529612	
1529609	
1529603	
1529602	
1529608	
1529599	
1529601	
1529597	
1529598	
1529606	
1529595	
1529604	
1529600	
1529591	
1529596	
1529592	
1529593	
1529590	
1529594	
1529587	
1529589	
1529588	
1529585	
1529586	
1529580	
1529578	
1529584	
1529583	
1529582	
1529572	
1529581	
1529574	
1529579	
1529577	
1529573	
1529571	
1529575	
1529568	
1529576	
1529566	
1529567	
1529560	
1529565	
1529561	
1529559	
1529570	
1529557	
1529564	
1529556	
1529569	
1529562	
1529554	
1529551	
1529563	
1529552	
1529549	
1529555	
1529553	
1529550	
1529547	
1529545	
1529548	
1529546	
1529542	
1529537	
1529558	
1529544	
1529543	
1529539	
1529541	
1529540	
1529533	
1529532	
1529534	
1529536	
1529531	
1529535	
1529529	
1529526	
1529538	
1529527	
1529528	
1529530	
1529523	
1529525	
1529521	
1529518	
1529519	
1529524	
1529517	
1529522	
1529514	
1529515	
1529513	
1529516	
1529520	
1529512	
1529504	
1529505	
1529509	
1529510	
1529501	
1529508	
1529500	
1529503	
1529507	
1529497	
1529499	
1529498	
1529506	
1529494	
1529502	
1529511	
1529496	
1529489	
1529493	
1529495	
1529491	
1529487	
1529492	
1529490	
1529485	
1529488	
1529484	
1529481	
1529483	
1529486	
1529479	
1529482	
1529477	
1529473	
1529475	
1529480	
1529476	
1529472	
1529478	
1529469	
1529468	
1529471	
1529474	
1529466	
1529467	
1529465	
1529463	
1529460	
1529470	
1529459	
1529461	
1529457	
1529464	
1529456	
1529458	
1529462	
1529452	
1529455	
1529451	
1529447	
1529454	
1529449	
1529446	
1529453	
1529448	
1529445	
1529441	
1529450	
1529444	
1529436	
1529443	
1529439	
1529432	
1529435	
1529440	
1529438	
1529442	
1529437	
1529428	
1529433	
1529430	
1529429	
1529426	
1529434	
1529424	
1529421	
1529422	
1529418	
1529431	
1529425	
1529419	
1529427	
1529423	
1529412	
1529413	
1529414	
1529415	
1529416	
1529409	
1529411	
1529417	
1529410	
1529420	
1529408	
1529406	
1529407	
1529405	
1529402	
1529403	
1529401	
1529404	
1529400	
1529398	
1529397	
1529396	
1529399	
1529391	
1529390	
1529393	
1529392	
1529388	
1529384	
1529394	
1529389	
1529385	
1529386	
1529395	
1529379	
1529377	
1529383	
1529382	
1529381	
1529375	
1529387	
1529372	
1529376	
1529373	
1529374	
1529371	
1529370	
1529378	
1529380	
1529360	
1529365	
1529363	
1529361	
1529366	
1529355	
1529367	
1529356	
1529364	
1529362	
1529359	
1529368	
1529369	
1529358	
1529357	
1529353	
1529351	
1529354	
1529348	
1529350	
1529352	
1529349	
1529345	
1529344	
1529347	
1529346	
1529343	
1529342	
1529341	
1529340	
1529339	
1529338	
1529337	
1529332	
1529330	
1529331	
1529328	
1529327	
1529336	
1529326	
1529322	
1529333	
1529329	
1529323	
1529324	
1529334	
1529325	
1529335	
1529321	
1529318	
1529320	
1529319	
1529317	
1529312	
1529314	
1529311	
1529315	
1529313	
1529316	
1529310	
1529309	
1529307	
1529308	
1529306	
1529305	
1529304	
1529300	
1529302	
1529297	
1529298	
1529303	
1529296	
1529301	
1529292	
1529299	
1529293	
1529294	
1529290	
1529291	
1529289	
1529295	
1529282	
1529286	
1529288	
1529279	
1529287	
1529283	
1529281	
1529284	
1529276	
1529274	
1529280	
1529285	
1529278	
1529272	
1529273	
1529270	
1529269	
1529277	
1529266	
1529271	
1529265	
1529263	
1529267	
1529264	
1529260	
1529262	
1529261	
1529268	
1529259	
1529256	
1529255	
1529257	
1529275	
1529252	
1529253	
1529250	
1529258	
1529249	
1529254	
1529251	
1529245	
1529247	
1529248	
1529246	
1529242	
1529240	
1529241	
1529238	
1529243	
1529237	
1529235	
1529244	
1529236	
1529239	
1529234	
1529231	
1529232	
1529228	
1529225	
1529226	
1529233	
1529227	
1529229	
1529224	
1529230	
1529223	
1529220	
1529222	
1529221	
1529215	
1529218	
1529217	
1529216	
1529219	
1529211	
1529214	
1529210	
1529212	
1529213	
1529205	
1529204	
1529209	
1529207	
1529201	
1529202	
1529206	
1529208	
1529197	
1529199	
1529203	
1529196	
1529198	
1529191	
1529193	
1529190	
1529200	
1529194	
1529189	
1529192	
1529183	
1529187	
1529195	
1529185	
1529184	
1529182	
1529188	
1529186	
1529179	
1529174	
1529177	
1529181	
1529178	
1529176	
1529180	
1529175	
1529163	
1529171	
1529172	
1529164	
1529165	
1529166	
1529168	
1529169	
1529167	
1529170	
1529173	
1529161	
1529160	
1529156	
1529157	
1529158	
1529162	
1529154	
1529153	
1529159	
1529149	
1529150	
1529152	
1529155	
1529144	
1529143	
1529151	
1529148	
1529142	
1529146	
1529145	
1529138	
1529139	
1529140	
1529136	
1529137	
1529141	
1529147	
1529132	
1529135	
1529131	
1529134	
1529133	
1529130	
1529126	
1529129	
1529127	
1529128	
1529125	
1529122	
1529124	
1529121	
1529118	
1529120	
1529123	
1529112	
1529117	
1529115	
1529113	
1529119	
1529114	
1529116	
1529110	
1529109	
1529108	
1529104	
1529106	
1529111	
1529105	
1529103	
1529097	
1529107	
1529102	
1529101	
1529100	
1529099	
1529098	
1529096	
1529095	
1529092	
1529094	
1529093	
1529089	
1529090	
1529091	
1529088	
1529086	
1529083	
1529087	
1529082	
1529085	
1529084	
1529073	
1529075	
1529079	
1529076	
1529081	
1529078	
1529077	
1529072	
1529080	
1529074	
1529069	
1529070	
1529071	
1529067	
1529066	
1529065	
1529064	
1529068	
1529063	
1529059	
1529062	
1529060	
1529058	
1529061	
1529057	
1529056	
1529054	
1529050	
1529055	
1529052	
1529053	
1529048	
1529047	
1529049	
1529045	
1529046	
1529044	
1529051	
1529040	
1529042	
1529041	
1529039	
1529038	
1529043	
1529033	
1529036	
1529035	
1529034	
1529037	
1529030	
1529032	
1529029	
1529026	
1529028	
1529031	
1529025	
1529027	
1529024	
1529023	
1529021	
1529020	
1529016	
1529017	
1529014	
1529022	
1529019	
1529015	
1529018	
1529012	
1529007	
1529006	
1529011	
1529013	
1529008	
1529009	
1529010	
1529003	
1529000	
1528998	
1529002	
1528995	
1528990	
1529001	
1528994	
1528996	
1528999	
1529004	
1528991	
1528993	
1529005	
1528989	
1528988	
1528992	
1528997	
1528982	
1528984	
1528987	
1528986	
1528979	
1528981	
1528985	
1528983	
1528980	
1528978	
1528976	
1528977	
1528969	
1528974	
1528971	
1528975	
1528972	
1528973	
1528967	
1528970	
1528966	
1528965	
1528968	
1528964	
1528960	
1528963	
1528961	
1528962	
1528959	
1528953	
1528955	
1528958	
1528957	
1528954	
1528951	
1528950	
1528948	
1528956	
1528949	
1528947	
1528952	
1528945	
1528946	
1528944	
1528943	
1528942	
1528940	
1528936	
1528939	
1528937	
1528941	
1528934	
1528933	
1528935	
1528932	
1528930	
1528938	
1528929	
1528928	
1528931	
1528926	
1528925	
1528927	
1528921	
1528922	
1528919	
1528920	
1528924	
1528917	
1528923	
1528915	
1528916	
1528918	
1528914	
1528912	
1528913	
1528905	
1528903	
1528909	
1528906	
1528908	
1528907	
1528904	
1528901	
1528910	
1528911	
1528898	
1528902	
1528900	
1528897	
1528892	
1528899	
1528894	
1528891	
1528893	
1528889	
1528896	
1528887	
1528886	
1528895	
1528890	
1528882	
1528885	
1528880	
1528884	
1528888	
1528876	
1528881	
1528883	
1528873	
1528879	
1528875	
1528878	
1528872	
1528877	
1528874	
1528867	
1528871	
1528866	
1528864	
1528868	
1528869	
1528870	
1528863	
1528865	
1528855	
1528858	
1528856	
1528857	
1528860	
1528854	
1528862	
1528861	
1528852	
1528853	
1528851	
1528847	
1528859	
1528849	
1528848	
1528850	
1528845	
1528839	
1528840	
1528838	
1528835	
1528837	
1528846	
1528844	
1528841	
1528842	
1528843	
1528831	
1528836	
1528834	
1528830	
1528833	
1528832	
1528829	
1528824	
1528826	
1528827	
1528825	
1528823	
1528821	
1528828	
1528822	
1528820	
1528819	
1528818	
1528813	
1528814	
1528815	
1528817	
1528816	
1528810	
1528812	
1528805	
1528809	
1528811	
1528806	
1528803	
1528802	
1528801	
1528808	
1528804	
1528807	
1528800	
1528796	
1528799	
1528797	
1528794	
1528793	
1528791	
1528788	
1528795	
1528798	
1528784	
1528790	
1528786	
1528792	
1528783	
1528789	
1528785	
1528787	
1528781	
1528780	
1528779	
1528782	
1528778	
1528777	
1528776	
1528775	
1528774	
1528771	
1528767	
1528766	
1528772	
1528768	
1528769	
1528765	
1528770	
1528757	
1528761	
1528758	
1528764	
1528763	
1528760	
1528759	
1528762	
1528756	
1528755	
1528753	
1528754	
1528750	
1528752	
1528773	
1528751	
1528749	
1528748	
1528746	
1528743	
1528745	
1528744	
1528742	
1528747	
1528738	
1528740	
1528737	
1528741	
1528739	
1528735	
1528734	
1528736	
1528733	
1528731	
1528728	
1528729	
1528727	
1528726	
1528725	
1528732	
1528723	
1528721	
1528719	
1528724	
1528722	
1528720	
1528717	
1528730	
1528714	
1528718	
1528716	
1528713	
1528712	
1528715	
1528710	
1528711	
1528708	
1528706	
1528703	
1528705	
1528704	
1528709	
1528702	
1528707	
1528699	
1528701	
1528697	
1528700	
1528693	
1528695	
1528692	
1528698	
1528690	
1528691	
1528696	
1528694	
1528689	
1528687	
1528683	
1528686	
1528685	
1528688	
1528684	
1528682	
1528680	
1528681	
1528677	
1528676	
1528679	
1528673	
1528674	
1528678	
1528672	
1528670	
1528675	
1528671	
1528669	
1528667	
1528668	
1528663	
1528661	
1528666	
1528665	
1528662	
1528664	
1528659	
1528658	
1528655	
1528660	
1528657	
1528654	
1528656	
1528650	
1528652	
1528648	
1528653	
1528645	
1528651	
1528646	
1528643	
1528642	
1528639	
1528649	
1528638	
1528641	
1528647	
1528644	
1528636	
1528634	
1528635	
1528640	
1528632	
1528637	
1528627	
1528625	
1528626	
1528630	
1528622	
1528628	
1528631	
1528620	
1528629	
1528633	
1528621	
1528619	
1528623	
1528616	
1528618	
1528613	
1528624	
1528615	
1528617	
1528614	
1528609	
1528612	
1528606	
1528608	
1528611	
1528605	
1528607	
1528602	
1528610	
1528604	
1528600	
1528599	
1528597	
1528595	
1528603	
1528593	
1528598	
1528592	
1528596	
1528588	
1528589	
1528591	
1528590	
1528587	
1528601	
1528594	
1528586	
1528585	
1528582	
1528583	
1528584	
1528576	
1528575	
1528577	
1528574	
1528581	
1528579	
1528580	
1528572	
1528571	
1528578	
1528570	
1528567	
1528562	
1528566	
1528561	
1528573	
1528563	
1528568	
1528564	
1528569	
1528565	
1528560	
1528559	
1528557	
1528556	
1528558	
1528555	
1528552	
1528553	
1528554	
1528549	
1528551	
1528550	
1528548	
1528546	
1528545	
1528547	
1528541	
1528544	
1528543	
1528540	
1528536	
1528538	
1528542	
1528535	
1528539	
1528534	
1528532	
1528537	
1528530	
1528531	
1528533	
1528528	
1528526	
1528529	
1528525	
1528527	
1528524	
1528521	
1528522	
1528520	
1528523	
1528519	
1528518	
1528517	
1528516	
1528515	
1528513	
1528514	
1528510	
1528512	
1528511	
1528509	
1528504	
1528506	
1528508	
1528505	
1528507	
1528503	
1528502	
1528501	
1528497	
1528496	
1528498	
1528492	
1528493	
1528494	
1528500	
1528499	
1528487	
1528488	
1528490	
1528484	
1528483	
1528491	
1528481	
1528486	
1528489	
1528482	
1528485	
1528495	
1528480	
1528479	
1528478	
1528477	
1528476	
1528474	
1528473	
1528472	
1528468	
1528470	
1528471	
1528466	
1528464	
1528461	
1528467	
1528475	
1528465	
1528460	
1528462	
1528458	
1528454	
1528463	
1528453	
1528455	
1528456	
1528457	
1528452	
1528469	
1528451	
1528459	
1528443	
1528450	
1528449	
1528442	
1528445	
1528447	
1528444	
1528441	
1528446	
1528440	
1528438	
1528436	
1528448	
1528435	
1528437	
1528439	
1528434	
1528432	
1528433	
1528428	
1528431	
1528429	
1528430	
1528424	
1528427	
1528426	
1528425	
1528423	
1528422	
1528419	
1528420	
1528421	
1528418	
1528417	
1528415	
1528414	
1528416	
1528412	
1528413	
1528408	
1528409	
1528411	
1528405	
1528407	
1528404	
1528406	
1528410	
